      MDL_CWWWL2 = 1.000000D+00
      MDL_CWL2 = 1.000000D+00
      MDL_CBL2 = 1.000000D+01
      MDL_CPWWWL2 = 1.000000D+02
      MDL_CPWL2 = 1.000000D+03
      MDL_MB = 4.700000D+00
      MDL_MT = 1.720000D+02
      MDL_MTA = 1.777000D+00
      MDL_MZ = 9.118760D+01
      MDL_MH = 1.250000D+02
      MDL_MP = 1.250120D+02
      AEWM1 = 1.279000D+02
      MDL_GF = 1.166370D-05
      AS = 1.184000D-01
      MDL_YMB = 4.700000D+00
      MDL_YMT = 1.720000D+02
      MDL_YMTAU = 1.777000D+00
      MDL_WT = 1.508336D+00
      MDL_WTAU = 2.270000D-12
      MDL_WZ = 2.495200D+00
      MDL_WW = 2.085000D+00
      MDL_WH = 6.382339D-03
      MDL_WH1 = 6.382339D-03
