1 1 6291456
1 2 3145728
1 4 1572864
1 8 786432
1 16 393216
1 32 196608
1 64 98304
1 128 49152
1 256 24576
2 1 3145728
2 2 1572864
2 4 786432
2 8 393216
2 16 196608
2 32 98304
2 64 49152
2 128 24576
2 256 12288
4 1 1572864
4 2 786432
4 4 393216
4 8 196608
4 16 98304
4 32 49152
4 64 24576
4 128 12288
4 256 6144
8 1 786432
8 2 393216
8 4 196608
8 8 98304
8 16 49152
8 32 24576
8 64 12288
8 128 6144
8 256 3072
16 1 393216
16 2 196608
16 4 98304
16 8 49152
16 16 24576
16 32 12288
16 64 6144
16 128 3072
16 256 1536
32 1 196608
32 2 98304
32 4 49152
32 8 24576
32 16 12288
32 32 6144
32 64 3072
32 128 1536
32 256 768
64 1 98304
64 2 49152
64 4 24576
64 8 12288
64 16 6144
64 32 3072
64 64 1536
64 128 768
64 256 384
128 1 49152
128 2 24576
128 4 12288
128 8 6144
128 16 3072
128 32 1536
128 64 768
128 128 384
128 256 192
256 1 24576
256 2 12288
256 4 6144
256 8 3072
256 16 1536
256 32 768
256 64 384
256 128 192
256 256 96
512 1 12288
512 2 6144
512 4 3072
512 8 1536
512 16 768
512 32 384
512 64 192
512 128 96
512 256 48
1024 1 6144
1024 2 3072
1024 4 1536
1024 8 768
1024 16 384
1024 32 192
1024 64 96
1024 128 48
1024 256 24
2048 1 3072
2048 2 1536
2048 4 768
2048 8 384
2048 16 192
2048 32 96
2048 64 48
2048 128 24
2048 256 12
